-298
-264
-358
-134
-202
-334
-328
-80
-368
-293
-333
-128
-422
-382
-194
-116
-205
-146
-478
-413
-475
-329
-112
-464
-417
-228
-302
-171
-355
-193
-123
-4
-238
-106
-289
-112
-450
-335
-387
-389
-53
-314
-225
-471
-321
-257
-366
-379
-27
-161
-358
-440
-404
-116
-130
-334
-188
-256
-273
-324
-117
-88
-311
-8
-141
-308
-458
-149
-67
-117
-17
-373
-104
-178
-319
-380
-33
-321
-79
-419
-348
-77
-65
-250
-237
-481
-425
-335
-290
-33
-144
-367
-30
-140
-278
-317
-254
-43
-28
-133
-492
-115
-378
-179
-186
-371
-491
-377
-412
-28
-216
-275
-470
-136
-113
-149
-151
-113
-428
-287
-257
-103
-168
-339
-306
-268
0
-91
-476
-229
-50
-102
-200
-271
-471
-285
-388
-309
-242
-245
-106
-267
-252
-211
-63
-391
-43
-199
-190
-447
-347
-313
-139
-476
-253
-409
-48
-320
-241
-105
-273
-179
-287
-12
-397
-387
-479
-16
-85
-486
-451
-191
-454
-120
-399
-141
-436
-437
-201
-160
-153
6
-256
-152
-477
-243
-404
-345
-272
-262
-107
-8
-25
-127
-453
-443
-134
-82
-158
-217
-479
-164
-164
-43
-225
-10
-57
-127
-486
-416
-27
-418
-62
-496
-409
-178
-14
-390
-124
-17
-475
-70
-247
-256
-397
-420
-118
-175
-155
-316
-37
-402
-395
-265
-129
-354
-338
-132
-424
-146
-342
-225
-458
-426
-420
-256
4
-465
-83
-173
-264
-269
-482
-4
-13
-305
-481
-109
-36
-59
-24
-320
-293
-90
-356
-58
-181
-366
-78
-142
9
-274
-61
-143
-244
-60
-484
-165
-127
-207
-380
-400
-121
-310
-161
-453
-489
-78
-77
-400
-68
6
-107
-340
-27
-401
-421
-297
-403
-128
-67
-426
5
-443
-40
-124
-424
-489
-289
-195
-35
-58
-208
-130
-19
-138
-52
-457
5
-430
-63
-291
-318
-440
-125
-461
-499
-299
-350
-92
-410
-216
-178
-212
-351
-440
-339
-139
-210
-418
-238
-174
-468
-180
-10
-43
-306
-31
-481
-256
0
-209
-457
-9
-27
-243
-327
-136
-156
-47
-184
-500
-346
-51
-326
-110
-187
-270
-34
-357
-86
-424
-375
-132
-476
-379
-367
-44
-497
-434
-332
-262
-478
-436
-109
-131
-146
-263
-72
-411
-74
-30
-216
-203
-264
-197
-423
-302
-95
-480
-106
-384
3
-430
-274
-50
-92
-378
-32
-166
3
-282
-297
-454
-86
-452
-453
-300
-310
-324
-205
-368
-142
-374
-79
-471
-406
-176
-343
-203
-216
-152
-176
-441
-355
-431
-163
-230
-60
-454
-306
-172
-136
-499
-266
-104
-91
-323
-499
-3
-259
-40
-295
-172
-493
-66
-436
-403
-291
-13
-436
-31
-122
-386
-462
-393
-55
-436
-257
-463
-242
-48
-121
-450
-468
-301
-59
-333
-500
-168
-16
-486
-84
-288
-449
-199
-63
-404
-229
-131
-29
-242
-494
-142
-442
-35
-338
-249
8
-131
-88
-111
-447
-256
-188
-380
-363
0
-114
-222
-183
-495
-183
-19
-174
-33
-226
-133
-36
-114
-467
-253
-467
-202
-279
-456
-312
-337
-375
-472
-273
-375
-338
-219
-471
-94
-175
-2
-365
-51
-339
-388
-238
-474
-206
-308
-441
-113
-323
-99
-29
7
-453
4
-454
-422
-353
-328
-240
-125
-384
-385
-460
-105
-35
8
-311
-303
-295
4
-135
-315
-62
-394
-91
-230
-173
-87
-405
-427
-300
-169
-42
-347
-352
-227
-5
-370
-1
-271
-157
-283
-7
-415
-117
-376
-338
-273
-158
-242
-434
-14
-204
-10
-111
-484
-95
-160
-110
-444
-458
-417
-486
-256
1
-60
-342
-99
-242
-78
-355
-317
-102
-98
-3
-319
-385
-432
-288
-157
-454
-444
-103
-250
-149
-452
-454
-469
-171
-136
-111
-266
-418
-230
-405
-81
-16
-41
-48
-342
-364
-444
-383
-307
-281
-451
-121
-395
-80
-174
-428
-52
-72
-481
-263
-400
-109
-421
-381
-176
6
-468
9
-191
-55
-121
-370
-356
-327
-316
-478
-452
-120
-9
-369
-478
-203
-248
-372
-295
-81
-55
-432
-371
-46
-239
-50
-26
-7
-66
-122
-112
-63
-477
-330
-235
-108
-344
-245
-465
-280
-303
-171
-410
-390
-2
-180
-93
-134
-180
-190
-427
-478
-238
-84
-379
-410
-225
-72
-370
-338
-136
-4
-396
-84
-220
-150
-194
-82
-154
-393
-392
-144
-108
-328
-423
-13
-74
-216
-272
-14
-437
-401
-120
-478
-351
-201
-210
-44
-294
-346
-188
-82
-244
-477
-42
-190
-247
-162
-161
5
-110
-116
-69
-35
-257
-363
-257
-66
-190
-164
-256
-443
-473
-282
-336
-483
-280
-182
-27
-367
-14
-183
-479
-229
-423
-149
-274
-217
-97
-74
-446
-396
-82
-331
-185
-478
-463
-371
-63
-96
-29
-269
-476
-17
-199
-228
-57
-334
-380
-102
-129
-196
-177
-496
-113
-126
-141
-445
-135
-100
-94
-148
-226
-371
-195
-37
-434
-172
-77
-211
-331
-30
-439
-130
-492
-379
-287
-195
-305
-299
-73
-217
-422
-350
-351
-329
-376
-138
-272
-62
-18
-193
-303
-372
-48
-437
-91
-454
-173
-130
-231
-471
-387
-491
-43
-206
6
-173
-267
3
-116
-133
-93
-358
-126
-118
-337
-91
-137
-164
-71
-116
-356
-414
-199
-388
-351
-482
-301
-71
-441
7
-27
-335
-287
-193
-309
-4
-288
-206
-329
-332
-388
-479
-191
-141
-43
-401
-71
-130
-375
-118
-143
-26
-274
-248
-297
-351
-419
-225
-110
-303
-326
-175
-77
-91
-138
-97
-350
-206
-148
-241
-379
-469
-87
-423
-183
-257
-322
-314
-342
-387
-397
-31
-275
-327
-242
-477
-164
-58
-257
-352
-79
-421
-151
-62
-223
-296
-269
-331
-337
-106
-371
-493
-272
-101
-65
-71
-37
9
-271
-268
-22
-200
-450
6
-181
-331
-284
-424
-130
-398
-76
-333
-431
-40
-494
-435
-109
-3
-109
-145
-279
-458
-497
-462
-17
-187
2
-24
-296
-102
-203
-41
-392
-64
-489
-66
3
-456
-137
-261
-318
-455
-280
-245
-256
-427
-103
-433
-150
-74
-19
-261
-292
-146
-246
-31
-166
-55
-54
-482
-420
-4
-85
-106
-60
-405
1
-135
-405
-273
-256
-283
-149
-375
-354
-188
-67
-99
-127
-303
-296
-305
-266
-53
-390
-76
-299
8
-159
-316
-462
-158
-277
-347
-169
-180
-351
-147
-448
-236
-412
-186
-368
-433
-304
-122
-301
-397
-348
-239
-261
-217
-52
-302
-435
-165
-306
-115
-61
-360
-81
-85
-467
-138
-97
-101
-216
-279
-378
-377
-254
-87
-488
-356
-279
-75
-3
-254
-376
-234
-301
-111
5
-329
-271
-296
-89
-267
-425
-231
-365
-228
-358
-397
-500
-209
-159
-468
-196
-243
-168
-279
-30
-295
-71
-240
-315
-456
-411
-198
-277
-249
-214
-133
-304
-137
-98
-314
-205
-251
-28
-86
-484
-481
-380
-204
-470
-338
-404
-68
-378
-58
-213
-227
-321
-265
-184
-5
1
-461
-230
-258
-466
-53
-225
-128
-397
-418
-136
-203
-168
-3
-423
-237
-460
-228
-353
-296
-68
-259
-342
-268
-187
-70
-183
-154
-386
-291
-144
-184
-451
-229
-124
-238
-32
-254
-103
-6
-312
-116
-49
-237
-230
-379
-148
-259
-341
-335
-170
-343
-396
-227
-297
-301
-475
-87
-307
-86
-21
-197
-335
-246
-8
-482
-195
-118
9
-356
-223
-286
-300
-475
-29
9
-380
-101
-45
-221
-48
-269
-315
-279
-54
-114
-255
-491
-153
-390
-74
-316
-156
-37
-104
-128
-155
-146
-141
-362
-451
-467
-426
-472
-296
-127
-51
-436
-354
-206
-309
-487
-111
-312
-160
-461
-301
-80
-344
-67
-180
-286
-141
-248
-81
-480
-476
-276
-364
-432
-123
-363
-106
-451
-420
-392
-409
-94
-383
-73
-397
-419
-164
-474
-341
-358
-111
-112
-79
-329
-72
-115
-487
-147
-447
-383
-255
-40
-69
-392
-57
-465
-438
-75
-332
-94
-66
-53
-128
-2
-471
-95
-376
-131
-253
-378
-373
-189
-338
-500
-154
-123
-20
-491
-54
-83
-54
-412
-382
-192
-291
-306
-481
-304
-160
-420
-312
-64
-97
0
-82
-491
-378
-143
-280
-251
-166
-231
-391
-231
-260
-356
-160
-92
-295
-55
-95
-72
-190
-426
-227
-30
-400
-297
-492
-323
-80
-356
-133
-474
-428
-189
-416
-201
-256
-435
-436
-245
-453
-466
-40
-175
-228
-98
-83
-472
-14
-46
-109
-320
-292
-313
-302
-419
-188
-30
-416
-117
-433
-343
-120
-220
-390
-498
-472
-377
-413
9
-425
-123
-292
-102
-87
-46
-152
-361
8
-186
-373
-446
-265
-38
-211
-423
-199
-180
-417
7
-113
-454
-435
-322
-225
-109
-8
-28
-99
-339
-244
-118
-373
-411
-418
-442
-165
-82
-423
-500
-429
-79
-345
-392
-93
-157
-350
-423
-391
-489
-149
-356
-91
-404
-91
-216
-124
-460
-331
-247
-292
-242
-447
-228
-67
-162
-68
-435
-351
-272
-120
-191
-298
-15
-281
-338
-494
-95
-83
-126
-459
-466
-405
-205
-101
-333
0
-297
-351
-331
-88
-52
-163
-85
-485
-423
-103
-227
-451
-249
-80
-445
-326
-146
-308
-387
-321
-294
-21
-208
-286
-87
-327
-30
-192
-96
-254
-494
-233
-139
-151
-63
-114
-232
-314
-472
-208
-443
-110
-428
-186
-325
-89
-450
-348
-113
-154
-426
-171
-77
-164
-485
-63
-53
-93
-112
-98
-173
-269
-480
-357
-178
-312
-381
-26
-398
-267
-457
-228
-7
-30
-303
-340
-386
-275
-21
-469
-212
-176
-389
-174
-63
-19
-13
-185
-68
-316
-406
-11
-260
-415
-289
-52
-98
-144
-393
-277
-55
-425
-35
-237
-130
-371
-162
-351
-63
-482
-295
-230
-367
-366
-281
-138
-313
-463
-272
-141
-338
-463
-346
-333
-338
-81
-60
-134
-222
-32
-216
-470
-361
-337
-402
-399
-90
-376
-428
-336
-449
-138
-234
-485
-299
-402
-118
9
-362
-219
-425
-22
-362
5
-491
-124
-6
-106
-374
-203
-485
-22
-331
-154
-133
-307
-213
-282
-495
-369
-139
-447
-445
-388
-494
-66
-220
-475
-361
-488
-273
-409
-333
-247
-293
8
-79
-428
-241
-471
-149
-42
-402
-409
-136
-323
-273
-477
-201
-273
-312
-117
-200
-490
-370
-341
-143
-366
-339
-88
-376
-183
-495
-254
-500
-177
-343
-256
-21
-145
-94
-215
-97
-438
-316
-24
-144
-448
-249
-75
-379
-299
-323
-294
-382
-144
-135
-333
-396
-25
-304
-51
-277
-136
-219
-350
-282
-485
-365
-372
-198
-92
-256
-73
-21
-373
-446
-271
-317
-497
-106
-379
-64
-446
-363
-448
-118
-322
-303
-366
-67
-160
-18
-196
-460
-184
-163
-375
-342
-436
-334
-44
-239
-119
-82
-135
-327
-336
-434
-427
-9
-449
-154
-5
-378
-471
-75
-287
-95
-402
-363
-456
-365
-223
-154
-3
-45
-7
-421
-360
4
-452
-461
-14
-30
-219
-416
-228
-378
8
-329
-242
-342
-331
-382
-176
-411
-27
-494
-45
-23
-299
-227
-396
-130
-485
-332
-161
-97
-298
-337
-98
-112
-491
-21
-249
-264
-359
-298
-483
-144
-163
-382
-255
-250
-316
-484
-272
-329
-248
-313
-65
-32
-32
-397
-466
-320
1
-296
-308
5
-382
-321
-236
-272
-334
-79
-277
-17
-99
-351
-433
-488
-411
-424
-327
-238
-385
-9
-241
-91
-27
-395
-125
-330
-429
-294
-215
-115
-339
-418
-278
-62
-328
-119
-403
-328
-367
1
-365
-438
-415
-421
-455
-470
-353
-123
6
-418
-238
-29
-39
-495
-112
-289
-157
-268
-156
-111
-353
-284
-395
-293
-231
-284
-479
-105
-490
-454
-219
-489
-273
-415
-470
-394
-459
-45
-455
-43
-435
-222
-60
-6
-445
8
-247
-224
-435
-377
-368
-384
-80
-173
-306
-155
-407
-267
-99
-78
-38
-298
-410
-406
-313
-241
-312
-248
2
-362
-81
-194
-239
-448
-473
-459
-141
-253
-233
-28
-430
-340
-58
-342
-445
-263
-412
-79
-369
-195
-365
-11
-307
-169
-153
-379
-334
-358
-167
-463
-465
-153
-409
-181
-339
-400
-13
-112
-21
-81
-208
-427
-251
-241
-226
-475
-328
-417
-105
-168
-139
-234
-456
-493
-222
-84
-413
-421
-175
-391
-166
-72
-11
-271
-353
-438
-330
-36
-315
-226
-80
-161
-234
-182
-333
-435
-389
-376
-76
-344
-143
-331
-138
-221
-471
-271
-380
-411
-75
-141
-6
-425
-183
-195
-229
-17
-280
-134
-22
-126
-479
-254
-440
-237
-22
-272
-184
-209
-375
-140
-72
-365
-13
-265
-296
-38
-67
-85
-457
-356
-39
-183
-477
-42
-274
-415
-355
-52
-89
-93
-388
-161
-222
-475
-279
-295
-267
-114
-158
-175
-379
1
-400
-342
-380
-145
-387
-128
-309
-27
-170
-175
-338
-239
-200
-446
-343
2
-124
-39
-272
-145
-69
-330
-369
-254
-376
-482
-146
-125
-395
-367
-439
-239
-129
-112
-317
-326
-121
8
-94
-414
-431
-177
-250
-160
-139
-390
-167
-95
-150
-160
-108
-323
-257
-38
-46
-158
-419
-427
-244
-56
-419
-11
-382
-40
-113
-379
-439
-440
-37
-29
-146
-439
-469
-31
-206
-465
-78
-480
7
-467
-197
-364
-450
-256
-377
8
-190
-389
-151
-194
-481
-140
-37
-97
5
-29
-448
6
-204
-114
-410
-466
-29
-338
-366
-234
-363
-208
-359
-478
-27
-382
-329
-426
-43
-251
-39
-184
-381
-194
-233
-387
-397
-406
8
-98
-33
-173
-16
-476
-123
-467
-58
-259
-207
-84
-373
-466
-324
-225
-297
2
-243
-225
1
-198
-366
-302
-349
-21
-19
-88
-383
-113
-273
-489
-60
-203
-496
-269
-462
-313
-251
1
-321
-404
-25
-215
-174
-432
-59
-174
-166
-339
-224
-31
-410
-112
-255
-255
-88
-110
-360
-437
-333
-308
-428
-423
-415
-495
-470
-202
-370
-288
-477
-120
-10
-147
-362
-393
-264
-138
-483
-434
-117
-234
7
-451
-175
-231
-364
-353
-20
-147
-58
-364
-305
-254
-297
-67
-498
-415
-496
-251
-497
-493
-245
-410
-457
-29
-194
-173
-314
-199
-105
-67
-188
-89
-78
-457
-358
-244
-97
-45
-116
-178
-136
-219
-83
-109
-14
8
-483
-263
-8
-391
-91
-467
-335
-336
-112
-302
-464
-329
-258
-122
0
-135
-435
-130
-401
-344
-236
-82
-445
-495
-379
-457
-30
-206
-282
-426
-389
-460
-135
-12
-382
-419
-312
-483
-239
-350
-189
-184
-362
-120
-184
-257
-173
-347
-497
-145
-246
-243
-424
-37
-323
-194
-373
-49
-275
-107
-388
-352
-247
-307
-465
-353
-177
-256
-111
-454
-317
-217
-89
-461
-232
-342
-391
-89
-380
-380
-432
-345
-127
-212
-459
-79
-155
-61
-304
-70
-266
-272
-345
-71
-299
-448
-421
-333
-345
-117
-46
-267
-429
-374
-83
-467
-143
-286
-494
-278
-425
-382
-20
-315
1
-311
-495
-367
-479
-52
-217
-111
-61
-412
-37
-142
-422
-481
-198
-499
-186
-31
-101
-431
-233
-239
-410
-450
-397
-398
-84
-163
-430
-416
-172
-405
-431
-397
-380
-379
-250
-220
-487
-417
-222
-232
-342
-258
-374
-190
-439
-434
-330
-42
-189
-406
-83
-19
-342
-454
-350
-330
-65
-196
-271
8
-243
-315
-227
-103
-216
-56
-178
-313
-157
-461
-14
-149
-243
-5
-307
-6
-387
-14
-480
-56
-124
-39
-200
-326
-298
-126
-187
-97
-140
-334
-437
-376
-380
-36
-489
-341
-254
-118
-90
-494
-49
-17
-448
-406
-253
-439
-325
-453
-466
-131
-33
-174
-8
-116
-231
-140
-98
-279
-293
-285
-66
-224
-297
-268
-143
-273
-317
-44
-240
-153
-2
-22
-395
-202
2
-318
-294
-148
-179
-184
-464
-415
-241
-491
-255
-434
-483
-183
-31
-299
2
-37
-140
-428
-213
-487
-296
-89
-3
-142
-69
-235
-227
-478
-220
-354
-159
-459
-117
-404
-280
-433
-232
-336
-437
-461
-95
-352
-185
-81
-36
-94
-345
-10
-303
-315
-424
-312
-440
-249
0
-204
-334
-100
-266
-29
-218
-380
-340
-394
-222
-229
-324
-83
-287
-147
-20
-480
-190
-116
-196
-167
-117
-241
-268
-270
-294
-283
-361
-151
-391
-263
-73
-383
-493
-33
-478
-35
-486
-433
-113
-73
-171
-154
-182
-41
-232
-326
-463
-9
-401
-115
-144
-393
-12
-98
4
-343
-169
-178
-298
-400
-118
-435
-72
-306
-192
-141
-306
-108
-84
-302
-170
-31
-147
-353
-310
-403
-74
-403
-106
2
-480
-70
-104
-102
-85
-192
-252
-64
-264
-269
-111
-191
-125
-134
-27
-27
-146
-81
-418
-325
-36
-498
-118
-238
-176
-93
-30
-186
-154
-113
-189
-147
-11
-392
-77
-193
-431
-293
-281
-397
-145
-58
-129
-354
-92
-408
-224
-209
-66
-120
-497
-141
-285
-187
-53
-492
-316
-275
-367
-441
-445
-119
1
-471
-391
-95
-302
-113
-497
-318
-214
-76
-10
-437
-387
-218
-51
-184
-491
-439
-328
-160
-411
-42
-334
-370
-392
-210
-113
-254
-202
-153
-411
-390
-33
-320
-477
-53
-472
-242
-332
-239
-275
-117
-216
-435
-144
-438
-336
-472
-342
-7
-408
-175
-37
-171
-83
-497
-436
-190
-185
-75
-252
-113
-143
-455
-116
-95
-89
-342
-228
-68
-353
-378
-18
-435
-95
-216
-85
-11
-98
-271
4
-264
-390
-183
-335
-31
-399
-422
-71
-382
-32
-322
-211
-391
-369
-315
-250
-187
-447
-456
-123
-427
-29
-296
-384
-58
-374
-12
-486
-112
-198
-7
-16
-250
-71
-452
-434
-463
-274
-266
-423
-203
-176
-363
-166
-143
-320
-182
-13
-463
-475
-103
-149
-98
-167
-29
-191
-459
-161
-403
-252
-37
-232
-499
-111
-296
0
-374
-356
-281
-369
-11
-263
-155
-169
-248
-110
-483
-176
-370
-412
-49
-401
-287
-362
-113
-185
-52
-82
-110
-33
-63
-390
-233
-69
-318
-394
-150
-343
-147
-212
-466
-240
-78
-288
-468
-257
-58
-160
-219
-401
-429
-263
-13
-122
-391
-248
-197
-44
-207
-455
-397
-452
-432
-194
-490
-488
-30
-26
-466
-173
-382
-364
-477
-267
-310
-178
-130
-440
-410
-218
-16
-323
-313
-92
-27
-307
-391
-429
-201
-115
-32
-124
-440
-273
-440
-347
-340
-382
-171
-184
-34
-420
-493
-44
-307
-118
-198
-43
-207
-336
-473
-276
-22
-433
-226
-26
-113
-303
-103
-360
-60
-42
-193
-118
2
-2
-270
-438
-366
-101
-288
-43
-266
-178
-16
-359
-336
-42
-414
-324
-151
-312
-289
-382
-213
-219
-106
-243
-360
-110
-96
-447
-329
-98
-178
-122
-406
-169
-391
-25
-474
-489
-349
-450
-59
-242
-444
-251
-283
-281
-43
-79
-196
-319
-92
-40
-98
-217
-143
6
-187
-150
-355
-239
-65
-307
-429
-94
-350
-407
-156
-68
-362
-395
-111
-13
-462
-13
-265
-56
-290
-367
-434
-247
-182
-95
-108
-239
-303
-288
-232
-410
-390
-89
-421
-179
-425
-170
-221
-373
-470
-348
-20
-434
-112
-16
-177
-372
-157
-121
-101
-476
-62
-240
-289
-151
-66
-356
-146
-430
-44
-129
-376
-369
-322
-343
-306
-88
-409
-461
-220
-203
-494
-168
-450
-248
-288
-309
-38
-471
-276
-197
-134
-60
-400
-269
-255
-220
-39
-335
-140
-361
-342
-322
-110
-172
-419
-59
-106
-151
-154
-496
-333
-315
-272
-468
-53
-89
-439
-431
-440
-40
-120
-197
-450
-97
-45
-400
-258
-331
-32
-91
-83
-203
-71
-294
-325
-163
-183
-313
-498
-495
-129
-95
-498
-280
-188
-247
-377
-241
-434
-302
-196
-356
-499
-4
-151
-264
-123
-330
-238
-373
-185
-258
-364
-228
-314
-344
-378
-165
-252
-353
-309
-177
-97
-185
-323
-16
-104
-35
3
-181
-349
-392
-151
-110
-53
-410
-29
-10
-19
-259
-227
-494
-352
-391
-345
-371
-256
-359
-198
-151
-73
-235
-183
-419
-36
-199
-362
-455
-224
-367
-413
-124
-302
-397
-271
-166
-199
-393
-498
-427
-104
-328
-479
-363
-77
-271
-406
-134
-414
1
-457
-127
-118
-393
-402
-337
-481
-175
-465
-373
-453
-290
-36
-207
-482
-331
-101
-493
-480
-297
-409
-112
-438
-351
-14
-442
-224
-230
-306
-123
-167
-495
8
-133
-333
-369
-237
-51
-465
-96
-439
-37
-387
-390
-404
8
-3
-136
-203
-75
-404
-458
-306
-46
-440
-451
-173
-155
-98
-66
-486
-417
-348
-92
-134
-92
-469
-128
-154
-100
-318
-296
-74
-326
-16
-133
-326
-181
-11
-497
-4
-204
-228
-444
-42
-478
-233
-123
-220
-415
-33
-137
-89
-156
-320
-114
-285
-384
-310
-252
-491
-213
-2
-168
-176
-410
-123
-454
-333
-278
-383
-374
-412
-475
-244
-185
-490
-1
-334
-424
-226
-57
-126
-224
-166
-241
-78
-312
-319
-431
2
-289
-457
-356
-151
-83
-59
-175
-248
-69
-295
-369
-202
-462
-409
-416
-20
-428
-325
-188
-149
-137
-148
-395
-246
-354
-365
-8
-148
-318
-58
-103
-423
-91
-432
-32
-137
-285
-26
-481
-343
-20
-187
-332
-72
-477
-237
-276
-167
-257
-225
-160
-333
-232
-85
-189
-421
-336
-147
-113
-471
-69
-40
-306
-4
-256
-435
-107
-117
-57
-105
-376
-222
-172
-25
-137
-253
-115
-281
-413
-164
-397
1
-96
-327
-340
-316
-76
-106
-499
-2
-439
-497
-14
-284
-233
-326
-489
-257
-461
-414
-141
-351
-68
-57
-220
-89
-17
-154
-384
-475
-338
-94
-40
-434
-199
-443
-412
-335
-234
-297
-404
-320
-135
-148
-136
-14
-64
-76
-262
-262
-437
-463
-397
-46
7
-370
-49
-143
-222
-452
-52
-106
-286
4
-439
-144
-374
-487
-135
1
-225
-431
-171
5
-220
-112
-380
-243
-480
-140
-241
-412
-61
-360
-354
-177
-255
-47
-260
-497
-54
-155
-266
-353
-278
-59
-335
-443
-427
-14
-143
-269
-61
-254
-128
-372
-402
-485
-247
-379
-217
-312
-483
-274
-468
-438
-83
-448
-88
-287
-82
-141
-325
-58
-181
-287
-487
-490
-198
-63
-27
-238
-46
-227
-159
-245
-322
-287
-129
-363
-147
-417
-266
-452
-274
-432
-475
-245
-14
-435
-490
-456
-84
-318
-2
-285
-150
-159
-284
-364
-434
-177
-355
-233
-466
-173
-340
-105
-269
-26
-497
-273
5
-144
-234
-36
-462
-28
-85
-166
-85
-400
-355
-55
-406
-135
-485
4
-436
-349
-306
-225
-497
-327
-366
-264
-481
-134
-58
-301
-206
-317
-44
-15
-72
-287
-214
-138
-348
-82
-204
-98
-184
-143
-150
-303
-311
-304
-133
-94
-387
-221
-133
-350
-474
-10
-263
-222
-421
-41
7
-293
-43
-261
-356
-325
-74
-72
-406
-458
-301
-279
-381
-294
-356
-264
-257
-345
-379
-3
-122
-342
-396
-62
-192
-461
-3
-326
8
-224
-71
-353
-146
-352
-343
-57
-64
-314
-113
-191
-231
-444
-403
-435
-362
-483
-354
-179
-38
-454
-376
-151
-48
-18
-297
-321
-159
-248
-215
-202
-128
-105
-403
-49
-55
-442
-99
-493
-375
-431
-469
-465
-361
-149
-84
-326
-489
-22
-208
-108
-225
-72
-277
-315
-426
-199
-332
-305
-96
-471
-190
-318
-383
-416
-203
-272
-456
-291
-257
-336
-262
-143
-489
-323
-23
-451
-140
-2
-44
-129
-134
-312
-397
-409
-291
-144
-323
-55
-389
-93
-66
-198
-296
-498
-60
-148
-202
-109
-424
-64
-272
-4
-284
-12
-52
-95
-468
-12
-19
-447
-120
-143
-494
-47
-182
-395
-372
-200
-491
-415
-438
-247
-33
-101
-75
-123
-335
-318
-92
-28
-309
-321
-276
-228
-60
-227
-474
-380
-70
-120
-132
-108
-470
-396
-7
-267
-355
-137
-52
-103
-285
-160
8
-494
-446
-344
-486
-153
-252
-305
-238
-171
-21
-219
-237
-237
5
-15
-257
-208
-437
-174
-155
-151
-9
-445
-257
-353
-291
-360
-233
-74
-113
-322
-92
-84
-63
-87
-39
-379
-456
-342
-486
-76
7
-179
-374
-419
-308
-30
-401
-285
-271
-455
-15
-223
-379
-59
-269
-136
-193
-204
-44
-63
-463
-265
-121
-390
-301
-48
-283
-164
-481
-166
-97
-21
-379
-460
-159
-317
-357
-429
-204
-494
-57
-346
-486
-198
-438
-267
-265
-385
-50
-460
-194
-432
-165
-46
-76
-222
-119
-203
-458
-430
-188
-277
-442
-49
-3
-50
-224
-257
-281
-127
-15
-464
-273
-361
-233
-302
-434
-18
-74
1
-12
-361
-239
-318
-28
-249
-12
-19
-54
4
-439
-413
-407
-155
-484
-73
-281
-296
-19
-155
-316
-281
-308
-119
-376
-189
-166
-106
-53
-105
-216
-206
-111
-392
-189
-417
-198
-266
-227
-140
-129
-176
-197
-232
-430
-296
-361
-197
-174
-118
-125
-366
-234
-241
-62
-219
-425
-281
-301
-219
-203
-435
-366
-393
-84
-386
-208
-269
-165
-69
-454
-191
-467
-448
-360
-84
-346
-5
-370
-235
-364
-498
-156
-353
-137
-110
-104
-292
-456
-279
-226
-35
-426
-35
-61
-263
-240
-214
-171
-431
-209
-183
-119
-24
-341
-439
-124
-459
-75
-139
-264
-79
9
-277
-49
-362
-213
-293
-142
-470
-33
-105
-416
-391
-11
-259
-487
-419
4
-444
-460
-251
-38
-182
-229
-273
-237
-19
-295
-166
-132
-399
-12
-426
-444
-324
-143
-385
-472
-58
-364
-225
-131
-188
-27
-12
-67
-190
-86
-398
-354
-400
-367
-290
-481
-101
-114
-173
-72
-212
-406
-461
-378
-81
-125
-274
-457
-188
-182
-303
-480
-121
-41
-135
-264
-107
-106
-84
-304
-500
-370
-467
-414
-188
-101
-61
-442
-456
-390
-384
-361
-173
-404
-388
-213
-56
-289
-29
-198
-380
-198
-123
-359
-180
-438
-426
-445
-247
-45
-259
-324
-268
-260
-62
-131
-199
-190
-229
-213
-324
-63
-67
-208
-399
-210
-87
-469
-257
-340
-110
-349
-467
-218
-371
-411
-284
-409
-283
-337
-33
-375
-20
-219
-32
-393
-344
-330
-495
-427
-418
-276
-429
-400
-125
-165
-495
-78
-60
-16
-404
-125
-273
-197
-320
-195
-408
-86
-443
-256
-238
-201
-335
-96
-20
-7
-435
-127
-359
-41
-440
-395
-479
-117
-420
-86
-230
-143
-297
-345
-440
-468
-16
-466
-324
-210
-450
-123
-436
-59
-226
-270
-39
-454
-337
-399
-122
-260
-164
-247
-418
-157
-432
-495
-172
-480
-494
-139
-203
-153
-223
-205
-245
-425
-135
-322
-402
-170
-290
-370
-106
-487
-445
-374
-475
-339
-413
-100
-447
-326
-263
-493
-117
-499
-451
-484
-394
-116
-258
-387
-177
-158
-310
-190
-208
-282
-448
-21
-141
-190
0
-302
-244
-138
-486
-262
-204
-355
-454
-328
-245
-263
-181
-68
-30
1
-94
-317
-443
-106
-260
-451
-377
-477
-40
-220
-39
-358
-360
-18
-354
1
-259
-377
-212
-203
-140
-295
-248
-117
-226
-70
-412
-206
-336
-74
-346
-178
-470
-239
-405
-470
-116
-382
-164
-48
-395
-416
-15
-475
-459
-129
-326
-7
-109
-232
-273
-392
-12
-320
-326
-446
-156
-77
-462
-420
-132
-302
-150
-122
-31
-208
-151
-464
-28
-299
-116
-219
-348
-107
-415
-72
-271
-362
-348
-82
-406
-443
-178
-351
-278
-144
-53
-345
-400
-320
-191
-108
-207
-449
-118
-305
-89
-54
-177
-198
-25
-361
-50
-362
-197
-318
-384
-33
-50
-129
-467
-491
-85
-96
-351
-410
-343
-247
-132
-378
-122
-19
-168
-287
-349
-198
-273
-324
-74
-107
-183
-13
5
-360
-195
-331
-62
-47
-350
-236
-209
-114
-337
-318
-79
-28
-364
-93
-11
-471
-134
-460
-48
-120
-73
-194
-489
-132
-175
-186
-427
-233
-360
-161
-270
-9
-140
-385
-347
-182
-179
-89
-303
-148
-269
-438
-131
-374
-406
-3
-421
-88
-480
-323
-357
-292
-375
-48
-221
-336
-410
-379
-392
-222
-256
-244
-151
-337
-118
-271
-434
-59
-1
-468
-80
-388
-191
2
-227
-74
-145
-263
-86
-118
-93
-226
-113
-398
-359
-360
-268
-426
-247
-67
-71
-170
-458
-78
-294
-445
-411
-73
-166
-276
-36
-149
-364
-119
-106
-306
-168
-416
-482
-232
-21
4
-400
-350
-101
-160
-490
-115
-33
-480
4
-151
-453
-195
-193
6
-480
2
-109
-167
-388
-117
-348
-390
-187
-482
-406
-309
-495
-71
-261
-361
-225
-374
-189
-453
-90
-468
-101
-267
-376
-188
-72
-229
-111
-112
-157
-240
-46
-324
-81
6
-340
-156
-238
-103
-205
-140
-336
-170
-35
-73
-276
-163
-459
-135
-156
-336
-464
-318
-297
-7
-209
-1
-442
-144
-274
-37
-415
-381
-169
-51
-249
-347
-264
-495
6
-4
-480
-306
-37
-136
-188
-19
-413
-118
-273
-92
-167
0
-127
-344
-375
-424
-145
-280
-364
-128
-417
-303
-417
-342
-419
-467
-110
-310
-173
-6
-118
-33
-249
-299
-415
-403
-100
-227
-444
-92
-342
-345
-71
-407
-297
-235
-212
-409
-47
-227
-389
-111
-415
-284
-52
-472
-464
-419
-306
-316
-17
-438
-397
-328
-229
-477
-11
-82
-140
-250
-272
-229
-220
-336
-407
-435
-466
-303
-161
-265
-458
-313
-437
-230
-134
-156
-30
-430
-315
-250
-407
-274
-20
-424
-58
-197
-288
-323
-396
5
-449
-414
-338
7
-354
-240
-314
-167
-23
-133
-441
-498
-200
-389
-16
-463
-135
-282
-160
-388
-232
-452
-169
-25
-134
-443
-328
-410
-13
-280
-349
-39
-199
-299
-156
-465
-185
3
-476
-30
-337
-30
-398
-232
-318
-269
-300
-280
-356
-358
-212
-380
-220
-273
-39
-487
-283
-320
-312
-276
-354
-240
-20
-351
-450
-372
-419
-40
-475
-44
-65
-446
-166
-329
-356
-293
-255
-74
-249
-387
-87
-469
-149
-46
-467
-10
-122
-72
-22
-252
-176
-481
-457
-499
1
-351
-37
-373
-88
-179
-11
-166
-189
-295
-402
-483
-133
-307
-82
-491
-367
-286
-351
-310
-122
-252
-161
-266
-249
-210
-44
-482
-486
-283
-477
-45
-110
-34
-314
-307
-332
-210
-245
-494
-470
-422
-449
-80
-258
-97
-430
-148
-186
-169
0
-349
-188
-5
-358
-6
-489
-458
-128
-304
-483
-489
-458
-436
-44
-6
-363
-407
-350
-180
-468
-312
-322
-194
-341
-120
-240
-181
-340
-385
-128
-179
-151
-17
-276
6
-434
-240
-29
-458
-455
-2
-277
-458
-239
-77
-354
9
-430
-166
-170
-478
-107
-252
-222
-420
-459
-118
-15
-406
-290
-271
-278
-129
-472
-64
-199
-442
-23
-471
-438
-420
-220
-414
-58
3
-356
-166
-193
-491
-237
-398
-10
-331
-89
-228
-72
-325
-440
-255
-452
-320
-93
-228
-448
-68
-66
-81
-354
-55
-406
-429
-223
-146
-417
-87
-150
-161
-147
-140
-357
-188
-353
-131
-499
-183
-467
-4
-290
-229
-118
-161
-269
-269
-228
-495
3
-316
-326
-189
-407
-231
-57
-312
-1
-326
-315
-386
-412
-114
-429
-393
-143
-329
-128
-36
-157
-400
-460
-95
-444
-253
-367
-233
-383
-149
-40
-261
-191
-408
-410
-24
-495
-435
-302
-43
-373
-173
-204
-138
-121
-121
-18
-468
-407
-88
-201
-499
-300
-434
-374
-458
-304
-38
-268
-47
-156
-413
-227
-316
-129
-355
-30
-61
-200
-72
-1
-194
-410
-362
-357
-218
-381
-296
-458
-459
-302
-216
-187
-371
-409
-357
-433
-372
-481
-416
-253
-132
-329
-242
-16
-99
-105
-330
-225
-66
-398
-159
-3
-260
-8
-23
-383
-4
-30
-392
-211
-162
-7
-485
-173
-82
-459
-221
-108
-53
-207
-440
-232
-234
-160
-443
-404
-225
-117
-136
-124
-157
-429
-280
-333
-210
-473
-259
-380
-128
-236
-220
-439
-103
-118
-98
-288
-483
-479
-130
-198
-478
-341
-317
-467
-285
-260
-492
-37
-104
-364
-226
-264
-334
-255
-283
-52
-267
-181
-301
-323
-273
-245
-476
-152
-316
-306
-81
-84
-126
-427
-113
-452
-318
-319
-375
-448
-457
-159
-212
-32
-50
-423
-362
-425
-209
-434
-274
-483
-337
-434
-241
-107
-305
-69
-56
-210
-404
-78
-26
-103
-73
-467
-29
-485
-93
-115
-21
-241
-429
-293
-459
-344
-95
-397
-100
-225
-242
-38
-108
-181
-238
-305
-461
-283
-438
-32
-42
-325
-92
-283
-160
-216
-96
-465
-187
-84
-133
-217
-213
-173
-353
-238
-267
-341
0
-113
-186
-181
-170
-19
-284
-76
-26
-372
-482
-120
-236
-180
-426
-242
-494
-98
-315
-98
-68
-313
-430
-372
-424
-155
-116
-463
-411
-32
-218
-181
-213
-217
-88
-237
-264
-488
-40
-394
-3
-446
-103
-309
-429
-47
-281
-432
-417
-211
-421
-378
-317
-494
-52
-481
-269
-306
-179
-139
-238
-227
-29
-463
-184
-462
-361
-335
-230
-483
-117
-422
-274
-245
-345
-434
-143
-475
-490
-161
-152
-390
-90
-291
-34
-117
-55
-214
-130
-129
-341
-228
-439
-50
-72
-68
-195
-500
-399
-12
-422
-239
-49
-236
-435
-243
-485
-330
-398
-325
-204
-93
-101
-350
-404
-193
-262
-464
-123
-447
-464
-453
-360
-165
-216
-18
-56
-313
-79
-204
-377
-413
-22
-192
-164
-304
-250
-441
-14
-251
-432
-487
-358
-407
-288
-236
-498
-142
-467
-431
-438
-496
-164
-378
-285
-440
-11
-356
-400
-355
-460
-483
-219
-479
-177
-37
-218
-52
-1
-434
-192
-324
-14
-244
-242
-249
-147
-135
-319
-442
-296
-200
-117
-309
-398
-387
-312
-195
-427
-212
-13
-458
-334
-470
-165
-325
0
-198
-430
-26
-368
-24
-179
-295
-411
-84
-73
-382
-477
-496
-453
-366
-438
-133
-369
-318
-420
-417
-214
-194
-381
-452
-199
-486
-382
-289
-296
-408
-260
-50
-1
-413
1
-207
-214
-312
-30
-424
-123
-301
-411
6
-239
-53
-371
-181
-204
-429
-31
-141
-67
-463
-121
-5
-52
-99
-167
-193
-329
-260
-451
-186
-163
-352
-454
-391
-223
-177
-171
-110
-172
-61
-357
-50
-145
-304
-444
-255
-65
-309
-100
-337
-403
-78
-64
-85
-132
-97
-276
-469
-442
-77
-419
2
-374
-159
-107
-41
-47
-156
-268
-481
-361
-284
-472
-68
-421
-211
-255
-257
-463
-432
-467
-338
-136
-392
-132
-110
-427
-453
-354
-201
-163
-285
-142
-45
-367
-406
-377
-178
-345
-237
-278
-489
-109
-50
-42
-288
-368
-343
-470
-457
-497
-184
-400
-86
-77
-353
-373
-402
-198
-44
-405
-409
-377
5
-165
-295
-143
8
-298
-494
-344
-86
-474
-140
-325
-276
-346
-252
-122
-479
-61
-252
-36
-358
-154
-289
3
-465
-248
-141
-424
-88
-318
-308
-134
-344
-256
-49
-413
-464
-157
-153
-203
-8
-498
-480
-123
-5
-300
-342
-10
-329
-141
-204
-93
-106
-382
-484
-282
-284
-285
-21
-486
-168
-5
-349
-45
-315
-281
-249
-40
-119
-134
-60
-304
-45
-346
-324
-167
-493
-463
-15
-417
-32
-500
-288
-98
-430
-184
-3
-174
-2
-290
-269
-425
-21
-14
-223
5
-396
-470
-101
-289
-464
-429
-204
-247
-70
-300
-311
-475
-222
-482
-153
-371
-5
-334
-62
-12
-76
-289
-185
-143
-138
-15
-171
-352
-492
-64
-54
-355
-252
-351
-449
-486
-444
-303
-418
-288
-286
-227
-358
-135
-299
-409
-473
-459
-115
-96
-434
-450
-492
-239
-172
-41
-126
-311
-23
-137
-479
-179
-415
-10
-485
-491
-57
-247
-112
-205
-55
-113
-149
-343
-495
-307
-190
-334
-229
-488
-153
-16
-237
-230
-392
-467
-461
-393
-257
-1
-107
-290
-204
-211
-43
-191
-228
-2
-246
-389
-169
-403
-266
-463
-275
-357
-42
-36
-30
-174
-359
-195
-138
-97
-194
-251
-439
-485
-128
-368
-266
-171
-397
-104
-342
-391
-273
-414
-57
-369
-12
-276
-119
-423
-440
-232
-73
-40
-241
-461
-301
-55
-226
-128
-281
-39
-174
-458
-178
-362
-74
-149
-443
-246
-145
-419
-124
-164
-280
-318
-449
-143
-101
-384
-95
-457
-254
-386
-433
-87
-466
-134
-265
-413
-92
-393
-355
-66
-97
-334
-307
-37
-79
-327
-322
-150
-58
-247
-283
-338
-173
-456
-110
-498
-376
-399
-92
-191
-327
-363
-419
-242
-243
-27
-93
-208
-210
-111
-324
-110
-259
-346
-72
-388
-459
-135
-400
-305
-129
-180
-437
-343
-231
-131
-105
-452
-416
-234
-88
-198
-418
-103
-52
-122
-263
-144
-306
-293
-324
-145
-422
-23
-219
-196
-237
-416
-7
-177
-147
-137
-222
-390
-245
-465
-368
-171
-325
-457
-319
-262
-22
-2
-15
-446
-159
-386
-18
-349
-179
-174
-23
-160
0
-24
-453
-325
-459
-27
-192
-424
-110
-199
-329
-39
-80
-53
-367
-219
-35
-427
-388
-206
-210
-277
-413
-145
-392
-493
-47
-394
-119
-256
-409
-238
-459
-17
-10
-35
-482
-52
-169
-360
-110
-19
-255
-17
-217
-475
-157
-49
-153
-413
-47
-397
-92
-40
-271
-472
-314
-95
-312
-430
-477
-370
-340
-234
-382
-106
-280
-412
-500
-118
-11
-222
-164
-244
2
-247
-471
-263
-500
-166
-463
-247
-496
-60
-179
-447
-41
-172
-376
4
-313
-118
-342
-398
-145
-61
-2
-2
-158
-342
-61
-308
-85
-397
-391
-494
-40
-113
-226
-324
-182
-34
-216
-483
-368
-439
-163
-342
-452
-377
-335
-455
-461
-373
-374
-449
-248
-344
-106
-204
-60
-317
-269
-420
-191
-67
-59
-52
-231
-273
-488
-384
-316
-90
-314
-309
-154
-251
-13
-22
-98
-164
-181
-61
-496
-448
-450
-252
-421
-75
-249
-227
-371
-264
-263
-208
-409
-139
-228
-396
-334
-375
-180
-6
-112
-45
-303
-143
-155
-449
-384
-340
-453
-116
-336
-239
-236
-67
-55
-188
-212
-239
-407
-291
-117
-470
-434
-167
-185
-371
-136
-165
-456
-284
-178
-57
-247
-178
-225
-294
6
-295
-170
-193
-410
-345
-205
-330
-428
-500
-215
-95
-246
-257
-97
-51
-130
-408
-291
-402
-463
-36
-53
-17
-175
-123
-411
-243
-11
-16
-129
-165
-230
-212
-105
-57
-164
-145
-71
-335
-247
-238
-384
-10
-218
-225
-136
-43
-302
-59
-170
-140
-337
-130
0
-329
-128
-217
-379
-185
-259
-330
-291
-75
-39
-206
-114
-79
-100
-420
-347
-99
-420
-238
-171
-477
-73
-494
-316
-30
-224
-350
-375
-322
-448
-376
3
-409
-240
-112
-310
-471
-320
-362
-262
-336
-485
-14
-444
-411
-357
-33
-236
-83
-70
-68
-464
-279
-155
-369
-265
-420
-240
-187
-405
-366
-18
-334
-273
-273
-62
-493
-370
-335
-209
-161
-339
-176
-496
-230
-154
-24
-281
-398
-467
-229
2
-287
-174
-185
-130
-432
-261
-140
-12
-118
-475
-174
-290
-318
-458
-412
-154
-471
-167
-272
-62
-378
-154
-22
-70
-174
-434
-294
-500
-88
-402
-128
-359
-205
-224
-372
-221
-414
-227
-83
-121
-384
-206
8
-482
-134
-69
-57
-105
-131
-109
-170
-155
-431
-8
-225
-415
-64
-220
-466
-241
-334
-161
-442
-410
-266
-220
-289
-11
-285
-282
-372
-393
-199
-467
-367
-368
-78
-181
-154
-132
-192
9
-114
-439
-161
-376
-419
-307
-182
-36
-390
-429
-326
-451
-363
-342
-457
-272
-303
-120
1
-226
-289
-355
-359
-303
-414
-322
-312
-293
-297
-305
-100
-472
-478
-75
-413
-345
-1
-375
-119
-392
-295
-345
-435
4
-360
-280
-496
-86
-386
-233
-150
-374
-105
-212
7
-326
-328
-31
-218
-429
-288
-46
-257
-470
-272
-500
-471
-204
-256
-414
-354
-6
-487
-169
-231
-91
-324
-420
-291
1
-498
-220
-331
-152
-380
-254
-256
-218
-45
-470
-196
-341
-475
-158
-70
-290
-287
-379
-54
-353
-269
-117
-372
-365
-184
-460
-87
-196
-490
-499
-100
-211
-26
-143
-254
-314
-428
-166
-333
-81
0
-82
-258
2
-351
-115
-248
-162
-343
-494
-440
-110
-71
-56
-339
-209
-33
-93
-18
-477
-266
-185
-389
-238
-148
-216
-330
-261
-7
-144
-322
-423
-403
-144
-185
-269
-186
-99
-413
-279
-204
-115
-188
-328
-230
-490
-18
-277
-408
-269
-108
-101
-281
-383
-5
-230
-288
-351
-148
-111
-103
-201
-53
-273
-296
9
-30
-198
-359
-27
-224
-196
-274
-313
-290
-347
-240
-431
-278
2
-118
-13
-97
-379
-459
-121
-495
-113
-153
-338
-307
-389
-433
-39
-17
-31
-389
-443
-360
-21
-17
-240
-149
-473
-279
-168
-70
-169
-439
-271
-115
-490
-74
-19
-441
-1
-39
-367
-190
-297
-199
-204
-490
-244
-90
5
-4
-157
-237
-495
-216
-110
-185
-135
-114
-380
-458
-423
-52
-357
-96
-417
-230
-239
-188
-418
-496
-343
-268
-436
-274
-191
7
-114
-419
-77
-384
-133
-69
-239
-233
-223
-384
-294
-354
-122
-305
-87
-277
-26
-424
-104
-125
-382
-258
-395
-187
-177
-2
-38
-215
-77
-235
-404
-23
-356
-20
-481
-374
-399
-215
-252
-216
-483
-34
-333
-481
-479
-469
-188
-89
-249
-276
-73
-109
-359
-284
-234
-357
-247
-318
-62
-317
-142
-176
-272
-192
-10
-161
-143
-71
-87
-434
-80
-262
9
-402
-219
-33
-339
-368
-293
-493
-95
-236
-172
-236
1
-18
-89
-90
-476
-45
-308
-263
-301
-469
-294
-102
-497
-368
-364
-465
-192
-247
-498
-311
-180
-8
-349
-353
-329
-190
-49
-338
-147
-187
-238
-372
-105
-92
-375
-231
-71
-272
-170
-471
-453
-349
-245
-37
-230
-96
-265
-259
-32
-125
-217
-270
-229
-484
-107
-151
-491
-113
-299
-101
-368
-331
-25
-74
-269
-214
-229
-329
-224
-300
-210
-494
-401
-399
-135
-494
-284
-419
-301
-33
-46
-498
-406
-45
-226
-341
-61
-397
-345
-398
-26
-305
-156
-280
-161
-224
-394
-46
-498
-314
0
-331
-397
-426
-223
-488
-486
-482
-69
-498
-389
-487
4
-353
-367
-298
-205
-22
-349
-485
-317
-203
-405
-411
-338
-55
-350
-88
9
-377
-360
-162
-352
-247
-65
2
-255
-435
-91
-59
-244
-112
-182
-162
-71
-278
-49
-467
-300
-227
-404
-354
-335
-308
-434
-265
-487
-348
-454
-67
-391
-379
-447
-486
-67
-1
-125
-198
-73
2
-102
-322
-320
-339
-157
-339
-318
-152
-411
-487
-482
-488
-17
-383
-209
-349
-223
-225
-105
-490
-430
-303
-262
-444
-320
-421
-474
-60
-185
-384
7
-38
-58
-290
-69
-479
-85
-70
-430
-180
-433
-279
-311
-208
-453
-449
-30
-123
-254
-128
-88
-481
-127
-458
-150
-307
-374
-360
-463
-399
-142
-188
-308
-449
-179
-62
-405
-463
-191
-33
-292
-92
-265
-116
-249
-167
-390
-169
-186
-327
-30
-110
-398
-12
-409
-229
-229
-439
-398
-383
-217
-97
-17
-48
-176
-318
-221
-458
-377
2
-165
-71
-216
-324
-375
-320
-5
-298
-452
-481
-111
-195
-258
-287
-351
-227
-383
-265
-138
-393
-81
-25
-271
-3
-204
-477
-482
-191
-48
-209
-428
-67
-464
-492
-240
-109
-16
-73
-153
-186
-380
-210
-464
-398
-262
-262
-169
-115
-268
-185
-336
-253
-242
-460
-344
-247
-476
-196
-368
-62
-413
-242
-86
-298
-294
-331
-221
-67
-485
-196
-321
-219
-94
-343
-14
-284
-310
-325
-2
-201
-68
-168
-101
-222
-496
-347
-225
-37
-225
-177
0
-70
-461
-464
-497
-323
-305
-454
-427
-27
-387
-161
-384
-449
-211
-444
-122
-56
-264
-412
-41
-254
-374
-266
-335
-191
-87
-470
-395
-321
-296
-189
-424
-241
-79
-246
-287
-190
-298
-347
-201
-237
-500
-180
-62
-83
-282
-77
-352
-19
-374
-91
-299
-409
-297
-51
-182
-365
-216
-220
-340
-449
-260
-213
-211
-19
-231
-29
-36
-249
-20
-375
-183
-451
-203
-415
-425
-439
-267
-393
-135
-442
-370
-483
-151
-178
-401
-39
-220
-486
-249
-497
-87
-109
-205
-332
-234
-360
-75
-214
-16
-480
-142
-386
-278
-384
8
-347
-223
-435
-232
-56
-65
-183
-368
-354
-125
-157
-373
-470
-457
-200
-37
-306
-255
6
-87
-12
-488
-229
-84
-44
-363
-209
-496
-214
-128
-250
-302
-302
-193
-348
-142
-305
-212
-143
-294
-359
-317
-372
-393
-215
-344
-402
-274
-280
-237
-195
-493
-92
-417
-231
-471
-310
-40
-442
-473
-326
-355
-429
-3
-30
-355
-199
-331
-197
-190
-297
-244
-91
-448
-188
-178
-405
-388
-17
-193
-290
-299
-444
-117
-434
-78
-239
-87
-245
-408
-125
-291
-355
-477
-394
-315
-21
-460
-19
-25
-202
-42
-371
-463
-368
-210
-211
-34
-230
-248
-272
-242
-26
-442
-13
-134
-122
-19
-136
-12
-500
-143
-84
-349
-315
-403
-463
-335
2
-479
-169
-52
-234
-352
-217
-272
-22
-456
-314
-156
-207
-263
-108
-150
-217
-146
-10
-108
-341
-220
-470
-160
-336
-305
-6
-89
-486
-364
-447
-344
-113
-102
-14
-84
-44
-308
-467
-122
-105
-255
-46
-432
-360
-396
-346
-268
-284
-179
-156
-119
-453
-172
-235
-425
-332
-332
-372
-336
-100
-223
-134
-167
-455
-490
-291
-251
-426
-442
-345
-68
-101
-409
-48
-63
-126
-163
-178
-199
-381
-431
-229
-204
-446
-231
-306
-137
-252
-39
-180
-422
-2
-23
-311
-415
-83
-433
-65
-6
-215
-418
-469
-490
-499
-51
-496
-444
-110
-362
-174
-411
-451
-387
-493
-424
-147
-418
-363
-422
-92
-432
-491
-205
-25
-474
-327
-93
-415
-24
-315
-118
-170
-305
-6
-104
-336
-82
-155
-434
-384
-396
-73
-22
-5
-455
-1
-101
-41
-118
-444
-273
-402
-265
-419
-106
-19
-187
-456
-279
-391
-347
-221
-423
-357
-416
-7
-275
-31
-447
-134
-371
-169
-155
-428
-94
-237
-401
-97
-297
-458
-170
-280
-52
-45
-332
-254
-390
-40
-172
-213
-167
-494
-438
-467
-190
-176
-323
-478
-368
-346
-116
-53
-107
-221
-53
-432
-328
-173
-453
-97
-440
-497
-362
-128
-57
-363
-314
-344
-274
-490
-169
-479
-30
-334
-467
-441
-155
-414
-424
-211
-152
-464
-32
-448
-438
-306
-418
-150
-12
-306
-222
-459
-232
-323
-223
-155
-457
-47
-136
-417
-467
-326
-414
-306
-333
-406
-79
-123
-448
-443
-267
-198
-497
-79
-345
-348
-24
-163
-369
-293
-151
-280
-141
-135
-204
-105
-95
-57
-441
-93
-129
-132
-116
-60
-388
-138
-250
-422
-176
-34
-163
-94
-75
-78
-440
-170
-47
-154
-426
-303
-48
-455
-120
-338
-188
-489
-54
-473
-329
-154
-159
-141
-439
-346
-317
-37
-409
-197
-294
-222
-192
-305
-237
-261
-395
-153
-253
-345
-171
-357
-410
-429
-213
-73
-331
-267
-324
-214
-346
-211
-60
-121
-295
-459
-148
-55
-276
-35
-399
-414
-489
-462
-153
-221
-392
-42
-203
-462
-237
-161
-237
-78
-360
-234
-491
-410
-370
-495
-275
-320
-432
-191
-180
-131
-78
-237
-14
-475
-319
-474
-211
-343
-244
-44
-7
-118
-38
-1
-274
-383
-302
-491
-355
-189
-156
-453
-203
-471
-53
-488
-32
-422
-250
-426
-284
-11
-402
-95
-101
-45
-160
-218
-479
-438
-224
-101
-1
-86
-420
-282
-469
-50
-388
-339
-5
-107
-298
-126
-400
-424
-194
-246
1
-252
-4
-188
-422
-249
-276
-21
-77
-238
-43
-296
-86
-147
-387
-186
-286
-213
-339
-13
-76
-459
-344
-361
-197
-87
-320
-130
-316
-141
2
-226
-489
-309
-307
-446
-144
-247
-205
-304
-458
-9
-24
-382
-68
-322
-363
-356
-368
-462
-169
-284
-485
-129
-238
-405
-238
-278
-296
-50
-233
-314
-107
-345
-373
-334
-175
-342
-277
-55
-290
-301
-393
-117
-219
-55
-204
-280
-108
-216
-52
-481
-119
-20
-89
-209
-390
-499
-456
-25
-438
-363
-427
-291
-16
-335
-224
-285
-372
-458
-485
-166
-341
-161
-271
-236
-468
-50
-153
-365
-53
-188
-312
-373
-375
-463
-449
-120
-348
-385
-253
-332
-313
-176
-155
-278
-4
-240
8
-133
-236
-459
-169
-413
-119
-171
-398
-362
-214
-118
-56
-325
-194
-152
-15
-286
-229
-445
-361
-45
-31
-86
-408
-249
3
-305
-155
-494
-184
-474
-322
-252
-417
-14
-207
-58
-260
-246
-55
-22
-169
-79
-428
-341
-187
-160
-416
-378
-129
-182
-136
-400
-207
-86
-375
-21
-202
-169
-19
-333
-156
-124
-78
-451
-468
-401
-255
-252
-199
-162
6
-3
-224
-76
-378
-373
-327
-443
-394
-432
-81
-169
-150
-249
-33
-371
-3
-235
-124
-65
-140
-459
-430
-124
-78
-190
-365
-18
-125
-383
-346
-278
-273
-224
-384
-200
-352
-137
-446
-283
-65
-333
-126
-91
-379
-82
-187
-373
-60
-21
-483
-196
-407
-476
-31
-146
-310
-77
-255
-272
-195
-401
-47
-99
-476
-341
-163
-358
-441
-376
-144
-183
-83
2
-430
-185
-422
-277
-302
-364
-332
-47
-427
-456
-437
-275
-179
-456
-52
-403
-299
-65
-145
-253
-226
-272
-368
-339
-253
-87
-172
-112
-461
-20
-52
-203
-194
-33
-74
-94
-322
-65
-359
-444
-475
-362
-374
-461
-203
-171
-77
-49
-428
-126
-306
-279
-112
-361
-346
-12
-229
-198
-470
-95
-422
-252
-488
-88
-363
-199
0
-253
-237
-60
-492
-417
-285
-198
-187
-420
-392
-370
-367
-463
-84
-315
-145
-166
-329
-452
-218
-146
-241
-21
-479
-343
-236
-194
-172
-403
-215
-209
-288
-111
-467
-173
-131
-177
-342
-246
-186
-457
-51
-324
-471
-356
-121
-172
-329
-97
-410
-252
-389
-39
-194
-73
-376
-238
-227
-246
-215
-282
-238
-273
-349
-417
-413
-175
0
-352
-398
-358
-13
-359
-15
-474
-62
-396
-289
-166
-417
-426
-199
-355
-383
-171
-39
-248
-307
-9
-35
-399
-45
-240
-306
-166
-343
-165
-468
6
-198
-455
-119
-304
-162
-260
-497
-204
-147
-114
-480
-403
-257
-64
-341
-132
-114
-214
-19
-190
-125
-441
-96
-495
-166
-295
-315
-268
-148
-57
-461
-411
-100
-406
-129
-40
-313
-314
-449
-128
-359
-90
-33
-173
-242
-348
-483
-333
-31
-172
-136
-147
-242
-20
-210
-162
-375
-95
-458
-36
-420
-346
-164
-416
-210
-8
-399
-326
-335
-21
-181
-17
-47
-60
-41
-39
-438
-339
-492
-291
-457
-442
-118
-63
-256
-139
-247
-416
-318
-90
-455
-329
-419
-260
2
-65
-69
-232
6
-146
-219
-174
-209
-201
-84
-422
-326
-193
-172
-67
-260
-248
-322
-428
-464
-380
-222
-215
-492
-477
-33
-272
-319
-140
-1
-449
-111
-464
-184
-114
-208
-161
-259
-250
-150
-147
-56
-50
-337
-124
-476
-294
-64
-140
-131
-342
-477
2
-370
-27
-389
-356
-391
-8
-259
-29
-353
-425
-132
-294
-183
-202
-319
-229
-498
-47
-40
-382
-7
-432
-461
-38
-63
-33
-56
-299
-346
-132
-118
-180
-344
-97
-158
-463
-64
-209
-370
-277
0
-296
-319
-134
-388
-372
-370
-93
-436
-398
9
-198
-279
-85
-7
-166
-425
-20
-106
-80
-415
-82
-118
-53
-372
-345
-382
-243
-84
-243
-221
-473
-403
-217
-249
-327
-310
-152
-74
-33
-148
-198
-408
-73
-477
-284
-65
-121
-260
-259
-474
-388
-335
-275
-378
-316
-271
-241
-164
-381
-11
-339
-176
-66
-407
-493
-43
-359
6
-27
-267
-233
-361
-367
-301
-441
-103
-261
-464
-185
-23
-286
-308
-157
-211
-303
-304
-128
-61
-238
-329
-65
-129
-340
-424
-223
-180
-158
-435
-121
-284
-352
-343
-187
-167
-372
-292
-52
-34
-196
-167
-148
-115
-271
-180
-79
-467
-419
-251
-118
-473
-330
-451
-387
-453
-314
-36
-442
-467
-87
-294
-139
-289
-70
-443
-159
-25
-448
-359
-485
-89
-492
-199
-351
-120
-241
-140
-432
-262
-20
-195
-72
-371
-390
-372
-263
-449
-383
-14
-3
-343
-188
-40
-457
-317
-284
-323
-240
-82
-434
-57
-139
-4
-268
-281
-185
-69
-302
-94
-181
-288
-59
-142
-235
4
-489
-81
-10
-107
-95
-477
-54
-319
-301
-292
-174
-219
-448
-346
-205
-424
-476
-232
-214
-485
-180
-420
-413
-344
-136
-252
2
-270
-387
-194
-47
-441
-89
-64
-474
-482
-479
-46
-75
-7
-127
-335
-197
-100
-479
6
-89
-72
-137
-491
-71
-393
-180
-57
-227
-70
-156
-237
-475
-468
-186
-281
-359
-174
-267
-171
-491
-59
-180
-133
-475
-153
-1
-392
-345
-378
-129
-266
-335
-55
-432
-360
-463
-210
-160
-223
-100
2
4
-355
-482
-432
-61
-378
-380
-142
-488
-154
-21
-262
-260
-242
-397
-267
-174
-489
-77
-401
-34
-345
-481
-362
-112
-454
-12
-84
-119
-248
-149
-96
-299
-252
-309
-2
-77
-394
-217
-175
-193
-139
-397
-394
-471
-32
-245
-414
-120
-5
-393
-286
-137
-44
-143
-119
-45
-252
8
-296
9
-382
-173
-142
-267
-393
-294
-252
-129
-258
-306
-95
-85
-377
-306
-481
-235
-171
-251
-437
-53
-13
-457
-57
-17
-382
-318
-152
-346
-163
-441
-361
-111
-16
-232
3
-340
-350
-283
-242
-308
-321
-238
-168
-453
-459
-331
-341
-205
-391
-10
-423
-128
-436
-132
-267
-167
-169
-180
-210
-371
-164
-170
-416
-257
-295
-40
-333
-432
-50
-100
-331
-188
-471
-232
-390
-285
-336
-145
-68
-310
-127
-313
-97
-166
-268
-316
-5
-10
-494
-329
-88
-44
-160
-472
-323
-94
-255
-151
-196
-70
-353
-433
-28
-297
-390
-166
-184
-70
-167
-26
-349
-423
-1
-139
-301
-330
-332
-432
-482
-329
-125
-48
-425
-45
-480
-125
-35
-269
-429
-51
-53
-402
-193
-482
-214
-34
-148
-371
-163
-15
-391
-160
-316
-256
-87
-463
-490
-28
-64
-69
-372
-423
-179
-197
-403
-344
-375
-398
-292
-345
-393
1
-467
-454
-452
-189
-484
-438
-313
-243
-60
-450
-451
-172
-49
-432
-343
-42
-465
-265
-262
-34
-269
-80
-251
-177
-380
-236
-127
-444
-431
-289
9
-314
-470
-383
-175
-122
-26
-184
-211
-349
-454
-405
-51
-315
-468
-339
-284
-91
-23
-142
-434
-429
-273
-429
-45
-493
-495
-275
-329
-409
-419
-473
-318
-426
-335
-271
-364
-469
-302
-100
-323
-105
-422
-142
-364
-179
-499
-197
-55
-52
-213
-406
-101
-261
-181
-342
-412
-204
-105
-158
-118
-147
-303
-255
-200
-230
-306
-302
-316
-79
-118
-256
-219
-490
-354
-33
-355
-83
-18
-255
-64
-113
-380
-110
-408
-108
-270
-268
-457
-22
-119
-199
-461
-463
-397
-24
-213
-165
-266
-195
-127
-492
-467
-359
-58
-144
-412
-5
-456
-361
-123
-318
-167
-131
-51
-158
-317
-436
-441
-396
-233
-498
-123
-159
-419
-17
-321
-282
-163
-390
-176
-496
-216
-312
-284
-192
-66
-241
-221
-136
-222
-478
-156
-198
-2
-208
-169
-336
-421
-358
-306
-430
-416
-455
-48
-367
-318
-183
-96
-236
-103
-292
-214
-411
-244
-74
-339
-458
-412
-319
-215
-118
-174
-352
-298
-146
-237
-301
-309
-448
-293
-206
-182
-96
-291
-212
-183
-471
-402
-211
-286
-306
-161
-148
9
-381
-338
-41
-492
-367
-250
-64
-188
-142
-43
-482
-427
-374
-233
-295
8
-95
-139
-361
-375
-379
-51
-451
-106
-134
-311
-154
-100
-32
-463
-186
-186
-155
-427
-427
-382
7
-163
-203
-103
-146
-276
-123
-430
-418
-8
1
-318
-383
-3
-151
-120
-25
-234
-144
-365
-408
-184
-220
-473
-322
-374
-90
-256
-319
-151
-31
-311
-427
-118
-171
-385
-300
-50
-300
-173
3
-238
-105
-92
-148
-343
-376
-183
-433
-424
-185
-32
-472
-103
-43
-148
-295
-349
-110
-379
1
-262
-74
5
-315
-163
-22
-151
-246
-435
-157
-478
-91
-98
-454
-178
-408
-300
-186
-162
-210
-182
-458
-434
-378
-93
-78
-127
-229
-190
-26
-370
-103
-279
-459
-318
-483
-452
-305
-438
-339
-480
-167
-221
-33
-336
-99
-112
-56
-208
-47
-180
-74
-231
-146
-385
-453
-67
-344
-404
-295
-36
-405
-381
-369
-272
-422
-336
-155
-205
-220
-128
-437
-330
-197
-495
-482
-122
-26
-393
-344
-263
-344
-483
4
-292
-475
-72
-487
-58
-460
-394
-26
-466
-497
-44
-25
-63
-481
-396
-446
-206
-316
-28
-390
-228
-277
-245
-281
-475
-109
-359
-197
-240
-141
-346
-390
-96
-248
-299
-426
-376
-327
-185
-353
-487
-262
-83
-107
-481
-407
-78
-460
-459
-12
-191
-400
-63
-17
-442
-197
-107
-281
-465
-131
-362
-165
-431
-485
-167
-173
-37
-381
-376
-5
-167
-72
-108
-489
-473
-191
-254
-76
-47
-362
-496
-168
-215
-74
-286
-263
-284
-160
-360
-127
-58
-63
-63
-467
-50
-273
-222
-147
-211
-213
-101
-171
-306
-48
-178
-347
-485
-43
-303
-177
-62
-492
-253
-113
-37
-100
-142
-128
-268
-126
-186
-175
-230
-79
-315
-491
-422
-226
-174
-497
-313
-6
-287
-472
-498
-111
-440
-10
-176
-416
-307
-48
-71
-295
-407
-107
-424
-189
-449
-167
-82
-79
-253
-364
-314
-206
-475
-304
-1
-165
-455
-162
-181
-424
-140
-365
-433
-400
-5
-450
-48
-410
-112
-373
-10
-186
-44
-114
-40
-382
-222
-1
-129
-287
-369
-496
-447
-439
-336
-74
-272
-433
-322
-292
-468
-491
-211
-160
-31
-337
-15
-342
-170
-297
-396
-489
-381
-69
-317
-492
-368
-294
-148
-424
-442
-318
-200
-259
-410
-321
-406
-373
-320
-52
-113
-375
-24
-47
-100
-30
-293
-79
-99
-13
-238
-79
-59
-185
-450
-237
-173
-349
-114
-332
-50
-25
-465
-373
-272
-404
-87
-410
-384
-299
-242
-90
-94
-151
-266
-317
-305
-282
-485
-206
-185
-471
-242
-395
-408
-35
-214
-240
-497
-492
-154
-316
-296
-382
-173
-418
-16
-64
-380
-153
-229
1
8
-166
-312
-354
-167
-283
-40
-45
-285
-17
-374
-486
-478
-100
-402
-125
3
-215
-396
-132
-423
-387
-13
-427
-219
-334
-449
-401
-123
-360
-78
-261
-425
-324
-71
-161
-484
-217
-155
-491
-21
-462
-313
-302
-361
-86
-416
-6
-402
-179
-344
-382
-149
-112
-99
-40
-305
-302
-403
-220
-393
-24
-34
-371
-351
-249
-15
-352
-168
-46
-158
-356
-59
-384
-413
-298
-7
-405
-410
-37
-43
-279
-129
-71
-81
-140
-147
-371
-365
-196
-145
-200
9
-13
-288
-433
-32
-104
-219
9
-421
-407
-115
-87
-110
-330
-217
-297
-65
-469
-431
-200
-166
-45
-265
-93
-228
-469
-15
-341
-116
-189
-444
-276
-105
-367
-478
-134
-220
-80
-199
-37
-209
-165
-472
-317
-112
-64
-152
-12
-391
-58
-182
-345
-399
-244
-421
-343
-470
-317
-305
-447
-238
-342
-22
-320
-480
-359
-417
-491
-97
-201
-113
-352
-410
-4
-333
-120
-106
-498
-125
-344
-57
-69
-472
-126
-405
-230
-446
-29
-368
-131
-155
-129
-185
-410
9
-219
-491
-335
-255
-38
-292
-230
-47
-400
-131
-150
-331
-492
-143
-15
-401
-279
-26
-75
-426
-223
-157
-198
-416
-78
-223
-3
-76
-454
-495
-88
-344
-198
-296
-10
-203
-374
-351
-226
-361
-27
-9
-147
-459
-310
-225
-292
-381
-9
-101
-181
-244
-261
-140
-241
-287
-438
-236
-90
-250
-453
-436
-362
-265
-78
-15
-159
-191
-240
-328
-388
-452
-99
-470
-63
-31
-256
-235
-461
-140
-67
-478
-122
-111
-442
-446
-20
-327
-333
-487
4
-149
-96
-484
-66
-283
-50
-418
-171
-127
-150
-409
-237
-471
-238
-498
-326
-171
-262
-14
-38
-467
-473
-87
-296
-389
-54
-203
-437
-52
-439
-288
-215
-173
-150
-84
-106
-294
-82
-324
-493
-469
-247
-348
-69
-254
-442
-314
-478
-241
-381
-60
-203
-415
-474
-167
-261
-234
-260
-301
-422
-268
-8
-28
-212
-456
-417
-14
-457
-216
-251
-190
-46
-445
-395
-9
-165
-383
-92
-389
-170
-414
-351
-292
-311
-331
-417
-352
-31
-122
-309
-283
-245
-283
-269
-419
-465
-302
-314
-341
-417
-109
-450
-263
-409
-78
-493
-125
-21
-473
-283
-101
-81
-84
-204
-7
-342
-148
-343
-66
-100
-389
-101
-118
-132
-235
-364
-40
-289
-89
-402
-433
-272
-15
-154
-403
-205
-62
-109
-442
-364
-3
-11
-369
-113
-157
-99
-155
-260
-155
-36
-454
-144
-137
-336
-65
-8
-29
-31
-494
-324
-354
-449
-78
-23
-429
-330
-415
-307
-203
-249
-374
-441
-138
-148
-495
-55
-84
-445
-460
-178
-116
-290
-70
-272
-189
-252
-87
-353
-259
-495
-110
-422
-204
-335
-196
-358
-164
-75
-53
-38
-58
-81
-177
-34
-318
-471
-11
4
-339
-111
-207
-100
-348
-257
-358
-121
-41
-120
-464
-468
-51
-317
-449
-72
0
-68
-299
-14
-244
-278
-109
-112
-379
-278
-22
-23
-387
-261
-300
-85
-160
-170
-223
-21
-173
-401
-441
-123
-336
-89
-439
-470
-318
-306
-3
-336
-200
-161
-179
-244
-58
-126
-463
-247
-283
-385
-365
-490
-260
-203
-318
-281
-49
-474
-463
-286
-47
-182
-274
-247
-355
-371
-335
-429
-416
-255
-339
-482
-17
-135
-290
-123
-408
-72
1
-495
-38
-315
-421
-221
-244
-153
-73
-355
-461
4
-413
-37
-74
-189
-405
-190
-274
-203
-483
-80
-289
-447
-235
-366
-231
-148
-61
-415
-435
-158
-418
-420
-226
-489
-128
-166
-232
-365
-433
-442
-49
-357
-393
-295
-193
-297
-463
-165
-171
-290
-58
-448
-114
-105
-441
-482
-382
-54
-301
-41
-218
-234
-93
-352
-244
-166
-94
-449
-282
-486
-322
-353
-398
-303
-177
-472
-400
-335
-71
-453
-434
-432
-194
-211
-240
-391
-147
-81
-299
-285
-208
-75
-54
-314
-216
-214
-180
-303
-117
-297
-73
-90
-341
-47
-327
-111
-233
-2
-406
-408
-89
-172
-43
-191
-326
-286
-43
-224
-62
-351
-251
-32
-7
-376
-96
-335
-309
2
-116
-105
-200
-42
-82
-442
-349
-160
-14
-483
-29
-264
-321
-461
-357
-128
-18
-271
-229
-270
-88
-164
-77
-153
-219
-132
-177
-460
-85
-147
-368
-364
-49
-297
-261
-230
-380
-464
-58
-258
-402
-373
-409
-324
-313
-40
-136
-42
-79
-73
-237
-172
-385
-441
-179
-137
-399
-260
-348
-494
-19
-220
-454
-310
-193
-75
-17
-159
-327
-402
-102
-463
-144
-51
-6
-96
-63
-198
-234
-349
-284
-495
-246
-396
-406
-395
-88
1
-450
-242
-56
-363
-35
-328
-455
-211
-74
-147
-265
-34
-156
-489
-477
-391
-58
-268
-279
-27
-273
-152
-208
-457
-455
-107
-233
-208
-356
-212
-236
-152
-139
-182
-89
-246
-2
-148
-408
-134
-60
-146
-458
-69
-118
-466
-47
-54
-24
-274
-184
-184
-313
-103
-340
-122
-12
-470
-289
-66
-468
-8
-142
-216
-438
-345
-189
-472
-344
-341
-481
-302
-226
-188
4
-214
-365
-17
-43
-299
-89
-487
-362
-93
-1
-199
-2
-343
-124
-416
-391
-107
-295
-107
-299
-410
-33
-421
-139
-204
-154
-81
-191
-56
-402
-35
-321
-427
-305
-450
-106
-232
-446
-69
-334
-76
-206
-241
-183
-493
-6
-381
-53
-319
-10
-159
-45
-336
-93
-142
-456
-475
-484
-149
-159
-216
9
-326
-243
-442
-206
-201
-325
-326
-408
-442
-171
-264
-368
-413
-321
-179
-35
-224
-352
-227
-302
-219
-99
-139
-379
-38
-369
-450
-153
-448
-358
-275
-293
-191
-43
-394
-63
-385
-78
-398
-209
-466
-319
-295
-492
-434
-146
-59
-189
-251
-106
-206
-255
-67
-329
-2
-376
-430
-286
-354
-494
-61
-176
-218
-136
-182
-258
-231
-259
-470
-294
-320
-155
-238
-294
-191
-122
-156
-386
-141
-183
-73
-250
-492
-4
-460
-85
-304
-429
-281
-151
-106
-90
-387
-237
-104
-322
-93
-228
-266
-254
-392
-333
-310
-365
-13
-436
-254
-159
-195
-39
-170
-441
-213
-40
-499
-90
-202
-155
-425
-280
-394
-130
-414
-190
-375
-299
-20
-377
-425
-488
-355
-137
-128
-38
-308
-456
-130
-213
-359
-3
-105
-338
-8
-185
8
-469
-399
-224
-235
-52
-346
-107
-6
-188
-395
-257
-235
-255
-277
-219
-238
-316
-90
-295
-354
-459
-462
-77
-303
-294
-461
-174
-491
-201
-184
-431
-297
-438
-61
-26
-317
-483
-369
-103
-200
-141
-146
-257
-49
-142
-70
3
-311
-413
-51
-410
-387
-147
-132
-78
-361
-65
-17
-186
-411
-280
-106
-399
-120
-162
-455
-325
-310
-471
-341
-383
-17
-378
-121
-485
-373
-123
-303
-182
-33
-308
-448
-32
-158
-61
-107
-132
-311
-128
-282
-252
-382
-417
-33
-11
-466
-350
-336
-182
-174
-177
-480
-245
-499
-11
-249
-257
-470
-121
1
-382
-118
-65
-71
-161
-220
-69
-311
-198
-325
-476
-350
-130
-370
-51
-128
-381
-111
-60
-177
-473
-383
-248
-276
-407
-424
-497
-53
-158
-62
-308
-24
-473
-258
-454
-155
-235
-385
-225
-481
-156
-305
-50
-413
-308
-304
8
-385
-140
-420
-379
-267
-206
-33
-340
-428
-302
-461
-31
-298
-119
-269
-130
-167
-296
-173
-165
-2
-452
-312
-217
-13
-342
-315
-40
-160
-190
-153
-29
-458
-123
-410
-475
-495
-348
-117
-162
-12
-35
-462
-86
-177
-432
-107
-399
-75
-366
-269
-481
-333
-127
-302
-378
-468
-381
-239
-13
-396
-477
-489
-55
-307
-378
-391
-201
-58
-15
-402
-14
-112
-68
-476
-489
-37
-358
-248
-59
-429
-277
-403
-104
-87
-65
-304
-315
-497
-197
-60
-377
-217
-68
-56
-162
-261
-390
-23
-461
-2
-447
-6
-450
-255
-272
-241
-137
-262
-193
-325
-232
-201
-251
-231
-48
-297
-140
-114
-239
-41
-130
-56
-435
-113
-100
-121
-277
-228
-405
-485
-138
-342
-188
-381
-366
-414
-396
-219
-411
-425
-433
-366
-398
-332
-41
-28
-304
-10
-327
-383
-24
-65
-90
-398
-433
-157
-436
-153
-473
-439
-305
-311
-138
-300
-287
1
-349
-279
-453
-374
-451
-172
-159
-447
-420
-372
-78
-483
-104
-262
-89
-376
-86
-336
-22
-272
-323
-217
-94
-88
-489
-139
-364
-387
-201
-146
-430
-308
-71
-428
-401
-193
-463
-222
-14
-376
-102
-34
-263
-274
-469
-38
-426
-114
-235
-269
-425
-148
-423
-181
-484
-422
-489
-33
-129
-235
-328
-263
-353
-236
-178
-271
-405
-150
-395
-340
-23
-340
-322
-243
-230
-246
-406
-35
-29
-480
-234
-305
-424
-236
-91
-298
-476
-493
-374
-418
-101
-99
-314
-151
-458
-338
-194
-376
-445
-386
-471
-175
-327
-97
-495
-69
-272
-410
-167
-177
0
-405
-408
-324
-400
-442
-164
-284
-484
-13
-91
-386
-124
-324
-454
-126
-460
-206
-170
-150
-113
-411
-348
-307
-23
3
-260
-289
-141
-172
-243
-429
-118
-275
-113
-220
-323
-464
-413
-358
-62
-1
-295
-154
-372
-55
-268
-112
-402
-129
-196
-315
-496
-291
-370
-401
-21
-379
-191
-231
-156
-457
-311
-97
-382
-481
-358
-446
-384
-238
-253
9
-467
-194
-462
-256
-237
-10
-69
-68
-424
-462
-324
-130
-435
-272
-256
-408
-275
-42
-59
-298
-129
-412
-209
-293
-91
-56
-71
-11
-386
-255
-236
-250
-115
-193
-89
-140
-258
-185
-479
-179
-201
-430
-48
-215
-107
-63
-77
-480
-395
-83
-173
-283
-251
-472
-493
-34
-324
-221
-185
-261
-17
-482
-307
-464
-196
-445
-239
-411
-308
-159
-92
-241
-309
-500
-158
-401
6
-303
-264
-378
-271
-55
-91
-251
-224
-8
-433
-34
-112
-105
-362
-295
-412
-170
-251
-458
-39
-294
-81
-166
-220
-382
-25
-276
-210
-486
-387
-187
-450
-3
-348
-432
-414
-326
-319
-329
-344
-21
-287
-314
-373
-379
-312
-174
-400
-431
-359
-471
-173
-202
-197
-454
-474
-140
-5
-280
-213
-228
-264
-420
-454
-439
-299
-237
1
-105
-389
-377
-305
-40
-72
-170
-208
-457
-225
-469
-294
-358
-451
-25
-445
-479
-64
-67
-58
-480
-238
-125
-458
-495
-356
-18
-48
-337
-211
-492
-280
-446
-240
-309
-82
-475
-159
-133
-428
-357
-153
-449
-414
-58
-378
-194
-356
-284
-430
-283
-97
-83
-318
-106
-207
-499
-172
-113
-347
-398
-421
-128
-345
-386
-255
-258
-94
-304
-318
-186
-272
-213
-212
-466
-106
-423
-499
-310
-294
-472
-445
-60
-322
-59
-60
-28
-138
-173
-326
-97
-373
-266
-143
-379
-174
-437
-403
-75
-352
-2
-416
-195
-64
-344
-422
6
-298
-127
-307
-68
-418
-128
-231
-308
-65
-356
-272
-430
-136
-433
-380
-148
-378
-442
-463
-469
-121
-312
-432
8
-241
-311
-69
-282
-384
-418
1
-284
-433
-79
-37
-223
-242
-445
-193
-67
-439
-155
-113
-70
-310
-358
-496
-308
-427
-231
-134
-474
-362
-90
-184
-481
-379
-110
-89
-122
-23
-356
-450
-42
-250
-174
-289
7
-441
-449
-318
-11
-230
-149
-154
-239
-387
-458
-91
-129
-108
-293
-398
-167
-485
8
-260
-353
-215
-413
-149
-93
-151
1
-469
-310
-9
-96
-250
-314
-116
-311
-171
-293
-421
-211
-142
-290
-428
-390
-170
-15
-20
-191
-412
-59
-65
-292
-316
-31
-405
-385
-248
-377
-467
-45
-266
-176
-338
-73
-460
-254
-192
-162
-435
-97
-44
-101
-484
-301
-465
-223
-167
-255
-44
-269
-102
-198
-157
-171
-39
-195
-53
-359
-98
-31
-318
-73
-95
-223
-158
-22
-117
-315
-147
-342
-24
-384
-60
-294
-127
-400
-366
-119
-397
-202
-197
-176
-271
-354
-239
-368
-1
-465
-253
-52
-266
-72
-440
-312
-159
-129
-25
-239
-284
-186
-404
-369
-462
-15
-35
-147
-278
-17
-492
-491
-479
-381
-51
-12
-281
-213
-271
-325
-119
-188
-257
-483
-471
-417
-415
-314
-27
-490
-350
-334
-404
-398
-226
-444
-110
-394
-282
-332
-323
-478
-475
-264
-11
-197
-256
-97
-178
-116
-155
-242
-252
-397
-275
-155
-17
-317
-388
-458
-7
-360
-79
-272
-303
-169
-419
-101
-327
-75
-280
-44
-119
-119
-378
-435
-355
-367
-164
-498
-272
-422
-443
-355
-343
-434
-369
-168
-92
-146
-21
-238
-239
-196
-233
-475
-74
-268
-254
-368
-89
-420
-412
-285
-104
-117
-350
-394
-3
-244
-280
-405
-489
-445
4
-27
-489
-112
-396
-253
-65
-308
-37
-228
-220
-77
-224
-95
-500
-435
-234
-479
-68
-215
-420
-51
-313
-255
-178
-349
-231
-399
-472
-330
-199
-175
-493
-479
-323
-339
-180
-91
-315
-265
-342
-230
-416
-99
-74
-144
-57
-478
-3
-372
-458
-29
-451
-159
-39
-119
-246
8
-37
-338
-105
-451
-109
-478
-134
-170
-313
7
-81
-90
-137
-19
-141
-203
-369
-180
-282
-164
-259
-484
-205
-427
-379
-332
-200
-394
-194
-133
-365
-328
-440
-123
-352
-257
-86
-159
-439
-352
-430
-283
-43
-53
-191
-42
-487
-309
-460
-81
-456
-59
-268
-25
-171
-213
-189
-58
-490
-345
-365
-440
-67
-389
-470
-162
-156
-125
-294
-9
-355
-416
7
-290
-157
-55
-309
-315
-280
-351
-372
-203
-233
-478
-29
-65
-262
-397
-13
-496
-119
-499
-136
-404
-264
-145
-87
-272
-211
-390
-383
-148
-161
-472
-287
-421
-256
-479
-336
-141
-368
-236
-147
-456
-195
-209
-12
-233
-275
-345
-464
-378
-201
-269
-194
-494
-151
-33
-393
-90
-157
-69
-351
-346
-266
-324
-394
1
-316
-158
-409
-371
-403
-102
-326
-74
-385
-57
-25
-11
-358
-173
-451
-31
-443
-145
-377
-86
5
-397
-279
-207
-69
-477
-228
-165
-179
-390
-436
-153
-407
-142
-174
-348
-82
-480
-370
-97
-453
-256
-112
-333
-278
-299
-364
-317
-99
-46
-11
-122
-294
-190
-497
-154
-113
-117
-182
-324
-146
-495
-498
-82
-198
-167
-365
-446
-261
-263
-376
6
-270
-246
-291
-167
-365
-255
-271
-495
-136
-65
-65
-318
-316
-292
-150
-238
-17
-21
-182
-2
-409
-82
7
-340
-215
-74
-226
-262
-103
-235
-377
-98
-187
-107
-303
-75
-35
-46
-71
-388
-219
-62
-4
-388
-118
-143
-269
-400
-54
-169
-96
-480
-133
-252
-207
-420
-101
-445
-337
-72
-193
-383
-386
-304
-202
-460
-96
-376
-325
-85
-463
-479
-100
-354
-45
-392
-149
-49
-298
-145
-135
-349
-235
-296
-405
-218
-143
-183
-28
-500
-478
-131
-482
-20
-278
-144
-307
-114
-434
-205
-234
-452
-266
-308
-219
-292
-59
-262
-201
-165
-110
-178
-212
-14
-228
-453
-24
-141
-168
-46
-361
-19
-454
-323
-36
-202
-357
-68
-302
-354
-194
-435
-370
-258
-424
-159
-420
-84
-53
-441
-108
-191
-124
-452
-489
-148
6
-72
-4
-79
-113
-319
-74
-355
-216
-175
-234
-93
-134
-357
-410
-15
-407
-72
-235
-137
-490
-425
-83
-249
-297
-145
-56
-454
-388
-240
-117
-460
-49
-198
-390
-295
-428
-158
-89
-457
-294
-306
-316
-379
-321
-84
7
-402
-49
-36
-103
-167
-30
8
-233
-137
-462
-92
-303
-393
-383
-67
-62
-125
-278
-440
-55
-453
-487
-486
-464
-155
-126
-221
-60
-142
-28
-265
-474
-240
-174
-282
-317
-194
-415
-470
-77
-239
5
-371
-202
-289
-237
-225
-405
-239
-186
-301
-448
-42
-139
-405
-230
-104
-202
-466
-251
-353
